Values Set
Attack Started for Duration : 60s
['0',0,1000,0,1000]
['1',0,744,256,1000]
['2',0,740,260,1000]
['3',0,735,265,1000]
['4',0,658,342,1000]
['5',0,629,371,1000]
SERVER DOSed
['6',0,581,419,0]
['7',0,447,553,0]
['8',0,415,585,0]
['9',0,381,619,0]
['10',0,381,619,0]
SERVER DOSed
['11',0,379,621,0]
['12',0,378,622,0]
['13',0,378,622,0]
['14',0,378,622,0]
['15',0,378,622,0]
['16',0,376,624,0]
['17',0,376,624,0]
SERVER DOSed
['18',0,374,626,0]
['19',0,373,627,0]
['20',0,372,628,0]
['21',0,372,628,0]
['22',0,372,628,0]
['23',0,372,628,0]
SERVER DOSed
['24',0,372,628,0]
['25',0,372,628,0]
['26',0,372,628,0]
['27',0,372,628,0]
